5 
  	
10 5	(10-37)
11 1
16 5
21 5
22 1
27 5
33 6
 
38 5    (38-65)
39 1
44 5
49 5
50 1
55 5
61 6
	
66 5	(66-93)
67 1
72 5
77 5
78 1
83 5
89 6

94 5
95 1
100 5
105 5
106 1
111 5
117 6

122 5
123 1
128 5




1701
1702
1707
1713
1718
1719
1724
1729
1730
1735
1741
1746
1747
1752
1755
1761
1766
1767
1772
1777
1778
1783
1789
1794
1795 
1800 
1801 
1806 
1807 
1812 
1817 
1818 
1823 
1829
1834
1835
1840
1845
1846
1851
1857
1862
1863
1868
1873
1874
1879
1885
1890
1891
1896
1902
1903
1908
1913
1914
1919
1925 	

1930 5
1931 1
1936 5
1941 5
1942 1
1947 5
1953 6

1958 5
1959 1
1964 5
1969 5
1970 1
1975 5
1981 6

1986 5
1987 1
1992 5
1997 5
1998 1
2003 5
2009 6

2014 5
2015 1
2020 5
2025 5
2026 1
2031 5
2037 6

2042 
2043 	
2048 
2053 
2054 
2059 
2065 








1986 5
1987 1
1992 5
1997 5
1998 1
2003 5
2009 6


2014 5
2015 1
2020 5    
2025 5
2026 1
2031 5
2037 6

2042 5
2043 1
2048 5
2053 5
2054 1
2059 5
2065 6

2070